5.0065321928872475
4.985824749089185
4.993110728256156
5.019643453675238
5.029428810472695
5.015898256621675
5.001774398941193
4.98358669453094
5.0136648255776395
4.992314571343553
5.002009001581304
4.9744869104315
4.9921542660839595
4.992399328439805
5.006956863560308
4.997007545623247
4.985487483039562
5.007223551186034
4.994360523754221
4.982861519167738
5.008598689205976
4.985165769573253
5.01537349130972
5.014896330573702
5.013440029491932
5.0015747832349335
4.989496571462712
5.016327231168868
4.994723658756884
4.9947763688023965
5.013484591582293
4.990262578859054
4.999810326795307
5.007754830738732
4.995757410566208
4.990449756080127
4.987148351179769
4.95944956332028
5.001690123981238
5.009769667122222
4.999127083704936
5.013056839816418
5.033997168214692
5.037114751141841
5.027590615692306
5.001910668739021
5.006154524588867
5.005682963891546
4.981496677503493
4.985504742619073
5.0129333891203
4.9792539328573175
4.975151023393031
5.00592916739614
4.975932217544077
5.012435506853877
4.993633244002058
4.9902069478771915
4.963613487986615
5.0115846602754806
4.996212529432764
5.028971700047853
5.02014571952709
5.013034066417596
5.01340149066
5.012896259680047
5.049915727634144
5.007001916700031
4.987145590951519
4.993323508699635
4.987903475831673
5.014249102790933
4.968820401264715
4.984713703106707
4.9732328971114494
4.993249752404837
5.000227723762772
4.97567649273208
4.992338559488655
5.0129133804626065
4.972566298453858
4.992526591096177
5.009971007075919
5.006342718329643
5.016341878106506
5.011324898400587
4.972457158965608
5.02690935603291
5.029375672062407
4.989979830566879
5.019698648328348
5.024092105997511
4.9898865572059465
4.962518402844678
5.002766076321806
4.990474655157045
5.013003692547134
5.056054742807251
5.001496762270699
4.980111013528558
